-0.3461,-0.1018
-0.3682,-0.1128
-0.3918,-0.1175
-0.4081,-0.1344
-0.4259,-0.1494
-0.4425,-0.1675
-0.4535,-0.1885
-0.4593,-0.2110
-0.4675,-0.2341
-0.4695,-0.2585
-0.4725,-0.2826
-0.4825,-0.3043
-0.4825,-0.3289
-0.4825,-0.3536
-0.4825,-0.3782
-0.4823,-0.4029
-0.4712,-0.4238
-0.4538,-0.4412
-0.4338,-0.4525
-0.4091,-0.4525
-0.3845,-0.4525
-0.3598,-0.4525
-0.3351,-0.4525
-0.3111,-0.4487
-0.2891,-0.4408
-0.2678,-0.4293
-0.2486,-0.4167
-0.2308,-0.4008
-0.2184,-0.3802
-0.2032,-0.3611
-0.1893,-0.3410
-0.1841,-0.3173
-0.1775,-0.2979
-0.1775,-0.2733
-0.1775,-0.2486
-0.1775,-0.2240
-0.1775,-0.1993
-0.1775,-0.1746
-0.1775,-0.1500
-0.1775,-0.1253
-0.1775,-0.1006
-0.1775,-0.0760
-0.1775,-0.0513
-0.1775,-0.0267
-0.1775,-0.0020
-0.1775,0.0227
-0.1775,0.0473
-0.1775,0.0720
-0.1775,0.0967
-0.1775,0.1213
-0.1754,0.1457
-0.1695,0.1696
-0.1643,0.1937
-0.1625,0.2182
-0.1624,0.2429
-0.1556,0.2666
-0.1508,0.2907
-0.1478,0.3152
-0.1421,0.3392
-0.1375,0.3633
-0.1368,0.3879
-0.1338,0.4123
-0.1290,0.4365
-0.1230,0.4604
-0.1181,0.4846
-0.1122,0.5085
-0.1075,0.5326
-0.1075,0.5573
-0.1028,0.5814
-0.0951,0.6048
-0.0885,0.6285
-0.0825,0.6525
-0.0804,0.6766
-0.0694,0.6987
-0.0626,0.7223
-0.0575,0.7463
-0.0515,0.7685
-0.0429,0.7909
-0.0343,0.8140
-0.0275,0.8371
-0.0167,0.8592
-0.0062,0.8814
0.0067,0.9017
0.0264,0.9145
0.0504,0.9175
0.0750,0.9175
0.0976,0.9124
0.1178,0.9007
0.1348,0.8852
0.1488,0.8649
0.1630,0.8454
0.1685,0.8213
0.1727,0.7971
0.1832,0.7748
0.1875,0.7507
0.1903,0.7263
0.1926,0.7020
0.1975,0.6779
0.2016,0.6542
0.2075,0.6309
0.2075,0.6063
0.2075,0.5816
0.2075,0.5570
0.2075,0.5323
0.2027,0.5082
0.2025,0.4836
0.2025,0.4589
0.2025,0.4343
0.1982,0.4101
0.1975,0.3856
0.1952,0.3611
0.1925,0.3367
0.1925,0.3121
0.1888,0.2881
0.1825,0.2647
0.1825,0.2400
0.1798,0.2155
0.1754,0.1913
0.1676,0.1679
0.1675,0.1433
0.1675,0.1186
0.1639,0.0943
0.1625,0.0698
0.1625,0.0451
0.1625,0.0205
0.1625,-0.0042
0.1625,-0.0288
0.1625,-0.0535
0.1625,-0.0782
0.1625,-0.1028
0.1625,-0.1275
0.1625,-0.1522
0.1677,-0.1752
0.1725,-0.1984
0.1775,-0.2225
0.1806,-0.2467
0.1852,-0.2706
0.1975,-0.2907
0.2059,-0.3127
0.2185,-0.3335
0.2324,-0.3524
0.2519,-0.3669
0.2722,-0.3775
0.2961,-0.3825
0.3207,-0.3825
0.3454,-0.3825
0.3697,-0.3801
0.3920,-0.3730
0.4155,-0.3660
0.4365,-0.3532
0.4594,-0.3462
0.4814,-0.3375
0.4949,-0.3200
0.5155,-0.3080
0.5310,-0.2890
0.5424,-0.2678
0.5568,-0.2482
0.5707,-0.2293
0.5725,-0.2053
0.5725,-0.1807
0.5725,-0.1560
0.5717,-0.1317
0.5613,-0.1113
0.5445,-0.0995
0.5248,-0.0875
0.5022,-0.0825
0.4775,-0.0825
0.4529,-0.0825
0.4282,-0.0825
0.4056,-0.0775
0.3810,-0.0775
0.3563,-0.0775
0.3316,-0.0775
0.3070,-0.0775
0.2823,-0.0775
0.2576,-0.0775
0.2330,-0.0775
0.2083,-0.0775
0.1837,-0.0775
0.1590,-0.0775
0.1343,-0.0775
0.1097,-0.0775
0.0850,-0.0775
0.0604,-0.0775
0.0357,-0.0775
0.0110,-0.0775
-0.0136,-0.0775
-0.0383,-0.0775
-0.0630,-0.0775
-0.0876,-0.0775
-0.1123,-0.0775
-0.1369,-0.0775
-0.1616,-0.0775
-0.1863,-0.0775
-0.2109,-0.0775
-0.2356,-0.0775
-0.2602,-0.0775
-0.2849,-0.0775
-0.3075,-0.0825